image_width: 640
image_height: 480
camera_name: head_camera
camera_matrix:
  rows: 3
  cols: 3
  data: [629.49094,   0.     , 303.30247,
           0.     , 628.35118, 237.46425,
           0.     ,   0.     ,   1.     ]
distortion_model: plumb_bob
distortion_coefficients:
  rows: 1
  cols: 5
  data: [0.080657, -0.292442, -0.001706, -0.004922, 0.000000]
rectification_matrix:
  rows: 3
  cols: 3
  data: [1., 0., 0.,
         0., 1., 0.,
         0., 0., 1.]
projection_matrix:
  rows: 3
  cols: 4
  data: [628.41376,   0.     , 299.71379,   0.     ,
           0.     , 631.2934 , 236.42401,   0.     ,
           0.     ,   0.     ,   1.     ,   0.     ]
